Coral
2000.0 200.0
5500.0 600.0 
9500.0 70.0
12000.0 300.0

Stone
500.0 800.0 
1300.0 850.0
2000.0 850.0
3700.0 850.0
4500.0 770.0
4800.0 800.0
5200.0 820.0
5400.0 840.0
5900.0 780.0
6500.0 800.0
7000.0 810.0
7300.0 790.0
8000.0 800.0
8200.0 800.0
9200.0 830.0
9800.0 800.0
10000.0 790.0
10500.0 810.0
10700.0 780.0
12000.0 840.0
12700.0 850.0
13100.0 810.0
13900.0 800.0

Key
800.0 850.0
3010.0 50.0
8100.0 780.0
9400.0 800.0
14020.0 200.0

Bottle
1000.0 850.0
2150.0 380.0
3500.0 250.0
5220.0 100.0
6300.0 460.0
7900.0 520.0
8900.0 850.0
10450.0 690.0
12300.0 550.0
13540.0 860.0
14500.0 300.0

Bubble
9020.0 70.0
2150.0 850.0

Shell
300.0 600.0
13000.0 800.0

Anchor
2300.0 600.0
8500.0 600.0